0.62948768201236
0.62948768201236
0.58634343897804
0.51364668571068
0.48456537597355
0.49088497940087
0.4897081716427
0.47349265695417
0.45202169763914
0.45051842840138
0.44218078266683
0.47188584459001
0.46928591692264
0.46211094096314
0.44397628943371
0.4397859904836
0.4397859904836
0.43810654521747
0.44151822851519
0.44151822851519
0.44151822851519
0.44151822851519
0.44151822851519
0.44151822851519
0.44151822851519
0.44060717261921
0.43726118212162
0.43726118212162
0.43726118212162
0.43726118212162
0.43726118212162
0.42978927798083
0.43458401643033
0.43458401643033
0.43458401643033
0.45118102943199
0.45186133695918
0.45961576383601
0.46351808915433
0.4585071462937
0.45185433490972
0.45270428912683
0.45069055865074
0.45069055865074
0.45069055865074
0.45264028802631
0.44721809685828
0.44632304955438
0.444612722058
0.44644956051654
0.44433371410587
0.44424127319001
0.44729770185306
0.4464919231129
0.4464919231129
0.4464919231129
0.45163114770127
0.45163114770127
0.44944771393745
0.44120369082415
0.43785740875183
0.4341626224415
0.4341626224415
0.43105206737339
0.43105206737339
0.43105206737339
0.43105206737339
0.43105206737339
0.42909958239017
0.42909958239017
0.42883171140302
0.42546238836323
0.42546238836323
0.42546238836323
0.42546238836323
0.42546238836323
0.42556637362594
0.42526759049555
0.43064891930796
0.43064891930796
0.43584891056301
0.43650342397592
0.43421755570706
0.43206678513685
0.43019815118105
0.42724873401521
0.42724873401521
0.42590330516526
0.42590330516526
0.42427078126877
0.42073220878424
0.41862078231539
0.41595641938208
0.41595641938208
0.41509153077331
0.41509153077331
0.41519581261643
0.41321194948007
0.41348410648833
0.41230507735232
0.41230507735232
0.41230507735232
0.41230507735232
0.41204422945334
0.41170415940653
0.41057978725935
0.41057978725935
0.41046506635812
0.41043230872722
0.41045972341544
0.40982570295631
0.40919115317797
0.40845747660295
0.40685665152746
0.40685665152746
0.40671861831124
0.40881442284545
0.4114672769536
0.41340195447781
0.42037691747556
0.42037691747556
0.41840762252655
0.41541261126734
0.4119395436319
0.41286379042631
0.41044428632254
0.41108511523238
0.41231712721817
0.41289852198511
0.41334925703375
0.41145021876893
0.41158636361309
0.40656920598783
0.40318775821633
0.40318775821633
0.40318775821633
0.40268017794338
0.40241897386648
0.40554564758193
0.40554564758193
0.40724637443367
0.40724637443367
0.40680542290938
0.41011858535275
0.40932867979599
0.40819606085874
0.40631311991471
0.40519821489003
0.40517784008357
0.40537730874664
0.40478171849945
0.41125351649101
0.41174234576096
0.41194329181317
0.41058243288405
0.41058243288405
0.40919883322608
0.40884711359967
0.40884711359967
0.40884711359967
0.40884711359967
0.40884711359967
0.40884711359967
0.40891735278671
0.40877735104122
0.40877735104122
0.40877735104122
0.40869018296067
0.40897475477439
0.4096023996708
0.40938127663342
0.40820148511427
0.40671072355923
0.4050057917706
0.40413540043466
0.40413540043466
0.40413540043466
0.40413540043466
0.40558705486808
0.40262534579111
0.4037889967561
0.40460717475104
0.40485778277458
0.40425435236483
0.40425435236483
0.40497631452065
0.40591340112783
0.41617133540815
0.40035976733901
0.40035976733901
0.40035976733901
0.40035976733901
0.40035976733901
0.40124237242172
0.39943830225754
0.39943830225754
0.39943830225754
0.39943830225754
0.39943830225754
0.39742401526701
0.39757302899885
0.38228116900698
0.38095102261221
0.38015783920327
0.38038948220657
0.3802142326897
0.38107394611447
0.37962285914485
0.37532798721802
0.37476667218265
0.37436661658675
0.3740794895175
0.37415087027243
0.37228550427122
0.37340040827104
0.3732890323551
0.3733449501219
0.37319678561692
0.37319678561692
0.37319678561692
0.37343374874735
0.37430090472589
0.37444544772215
0.37418109544491
0.37447604944929
0.37454005084091
0.3752271449747
0.37429436745416
0.37398581290983
0.37398581290983
0.37348934630487
0.37348934630487
0.37348934630487
0.37348934630487
0.37433893036113
0.37509150295836
0.37660339795966
0.37627847402782
0.3760314890445
0.3760314890445
0.37546139032738
0.37551103391082
0.37253098392345
0.37253098392345
0.37244459619907
0.37291011452775
0.37291011452775
0.37291011452775
0.37285625879013
0.373648364472
0.37207794387496
0.36991247631683
0.36991247631683
0.36991247631683
0.36960754611981
0.36780206298399
0.36663129347072
0.36638400079005
0.36568100587354
0.36335030178464
0.36315257453227
0.36367217576089
0.36375673466381
0.36472959473767
0.36401564323358
0.36633640588672
0.36699332648837
0.36687481153483
0.36701479420691
0.36791389577204
0.36577205502694
0.36659018349614
0.36641413549926
0.36670440261846
0.36702056860703
0.36733903720093
0.36621804306375
0.36596080716039
0.3663502230043
0.36616493816142
0.36458472144809
0.36433341258497
0.36457277174062
0.36438687247265
0.36491954905907
0.36491954905907
0.36462576816554
0.36462576816554
0.36462576816554
0.36433638623293
0.36391055122368
0.36391055122368
0.36421352643706
0.36439390196594
0.36423050398239
0.36423050398239
0.36423050398239
0.36470277791251
0.36539517161534
0.36598310778738
0.36557568802884
0.36591026309489
0.36588338376173
0.36556414756511
0.36542586642942
0.3655716938646
0.36476285180954
0.36578655789764
0.36522485709097
0.36522485709097
0.36522485709097
0.36475629585868
0.36583809055621
0.36526216534501
0.36520669868282
0.3647266996756
0.3645594680707
0.3645594680707
0.36430530259102
0.363937627658
0.36329765778559
0.36258039013734
0.36337364218032
0.36245041158864
0.3625236955661
0.36236935186597
0.36267310739336
0.3629043686865
0.36106861465571
0.3610423283342
0.36022581969622
0.35932457054243
0.35844140153968
0.3582900563864
0.35820996463326
0.3579366829201
0.35754452631639
0.35754452631639
0.35754452631639
0.35754452631639
0.35754452631639
0.35754452631639
0.35733168084498
0.35688615508207
0.35694459393701
0.35694459393701
0.35694459393701
0.35669406090329
0.35666513399733
0.3567845945712
0.3567845945712
0.3567845945712
0.3567845945712
0.3567845945712
0.35546676100314
0.35555806726812
0.35559132690976
0.35571043751878
0.35572731919108
0.35572731919108
0.35572731919108
0.35553936323042
0.35579548486782
0.35575923870294
0.35593765920348
0.35593765920348
0.35593765920348
0.35593765920348
0.35593765920348
0.35593765920348
0.35569519492797
0.35551513569034
0.35547978114321
0.35547978114321
0.35547978114321
0.35487763146097
0.35260848000846
0.3521420879374
0.35225202280258
0.35238909585708
0.35238909585708
0.35238909585708
0.35238909585708
0.35192658081587
0.35164525768517
0.35164525768517
0.35196803550735
0.35178125896176
0.35178125896176
0.35140131812857
0.35153650774795
0.35177013642357
0.3516903315653
0.35145071561649
0.35164923662811
0.35130089646394
0.35241657721398
0.35272664430526
0.35331599366892
0.35354304848757
0.35354304848757
0.35354304848757
0.35354304848757
0.35404634481941
0.35404634481941
0.35384253854676
0.35466936056198
0.35567316278778
0.35567316278778
0.35565411124358
0.35565411124358
0.35565411124358
0.35522951443027
0.35486784665853
0.35486784665853
0.35535242871957
0.3550652950309
0.3550652950309
0.35454403096652
0.35439477392723
0.35439150636962
0.35439150636962
0.35439150636962
0.35439150636962
0.35439150636962
0.35439150636962
0.35411990526742
0.35317633091605
0.35333420696286
0.3532867299186
0.35315378761023
0.35263029831527
0.35294303835065
0.35370406559567
0.35389297040971
0.35445366610204
0.35445366610204
0.35511092588797
0.35597944826932
0.3556697263029
0.3550978219942
0.35468230458892
0.35472597424357
0.35472597424357
0.35464137236345
0.35464137236345
0.35551593985477
0.35463113943503
0.35476569719344
0.35546899327394
0.35554085344175
0.35554085344175
0.35538918648981
0.35514194513685
0.35539206762501
0.35537867252341
0.35501210426046
0.35477948992292
0.35681201542553
0.35798033328992
0.36033942993941
0.3606033164192
0.3612445447829
0.36304699459665
0.36301423544599
0.3637323673479
0.36437846844201
0.36467015885655
0.36470968088472
0.36470968088472
0.36470968088472
0.36470968088472
0.36688650751754
0.36897376280212
0.37013993550591
0.37236841502003
0.37369419249826
0.37546356468668
0.37546356468668
0.37845705494332
0.3807411097774
0.38152705732727
0.38300854421967
0.38351089779827
0.38451208065277
0.38464510452109
0.38485341396813
0.38564924267508
0.38579306935801
0.38579306935801
0.38579306935801
0.39333844937405
0.39786557939926
0.3992758269763
0.40049996994925
0.40416391382517
0.40701179813787
0.40800430008922
0.40861931177355
0.40892671235239
0.41015068816497
0.41125640801122
0.41238289409859
0.41287082455003
0.41375660869837
0.41406627060472
0.41497781509946
0.41558946752798
0.41719642116127
0.41704703142501
0.41708722214862
0.41791631989849
0.41952004818501
0.41952004818501
0.41952004818501
0.41952004818501
0.4196131944097
0.42062388822996
0.42157516394534
0.42162489369676
0.42163272884122
0.42163272884122
0.42161675039834
0.4216757794514
0.4218457242452
0.4218457242452
0.42341575785828
0.42460795171537
0.42460795171537
0.42469100273442
0.42469100273442
0.42469100273442
0.42466254969501
0.42469114594523
0.42476295765948
0.42487075835918
0.42487075835918
0.42487075835918
0.42533655174809
0.42562852344078
0.42683973408997
0.4271476398957
0.42727020114144
0.42743686228803
0.42763181493479
0.42774054699092
0.42860340032649
0.42861369728246
0.42854550655023
0.42868703031182
0.42941624667017
0.43018706546533
0.43075334121319
0.43167620917762
0.43200886636455
0.431229329574
0.4313380990342
0.43147470022941
0.43147470022941
0.43147470022941
0.43169476215822
0.43225912937426
0.43225912937426
0.43239927953152
0.43239927953152
0.43279133992571
0.43260876563793
0.43262740208719
0.432743406301
0.432743406301
0.43283971317267
0.43284883054373
0.43236642766141
0.43230013312426
0.43280332250114
0.43267136097795
0.43259055636539
0.43251483373323
0.43244960798651
0.43293598608742
0.43303761767458
0.43311734425768
0.43304211478585
0.43309170799406
0.43319439683054
0.43326094892289
0.43310143329741
0.43320233395531
0.43320233395531
0.43316632877792
0.43285430798733
0.43293685178891
0.43273872730464
0.4314706174176
0.43159794125112
0.43162938307729
0.43181971280662
0.43167355490522
0.43167355490522
0.43169521396664
0.43169521396664
0.43181817910761
0.43130081517807
0.43118562683566
0.43118562683566
0.43133004542862
0.43166546465555
0.43208017316618
0.43212791976149
0.43303881485833
0.4342555423538
0.43484010790064
0.43567646150545
0.43747680138393
0.43928620884672
0.44000336443462
0.44016551266658
0.44054842209259
0.44058486212861
0.44058486212861
0.44142993955846
0.44140245800311
0.44140245800311
0.44140245800311
0.44140245800311
0.44140245800311
0.44140245800311
0.44140245800311
0.44140245800311
0.44140245800311
0.44140245800311
0.44140245800311
0.44140245800311
0.44140245800311
0.44140245800311
0.44152026286185
0.44176843916944
0.44201199011777
0.44201199011777
0.44186343379814
0.44197101390857
0.44209627141446
0.44242245490906
0.44218363939773
0.44188456765143
0.44188456765143
0.44188456765143
0.44188456765143
0.44188191318585
0.44188191318585
0.44188191318585
0.44188191318585
0.44188191318585
0.44188191318585
0.4426665662695
0.44287513751286
