3.2913730223906
3.2913730223906
2.9642158563284
2.4995004605945
2.3560959065367
2.3766273003323
2.3408217012892
2.7215673464831
2.5949509623482
2.5733823716106
2.5180480408241
2.912778837094
3.0301100068899
2.9625091792222
2.7850252528528
2.7620588687387
2.7620588687387
2.7272470973277
2.9319882655813
2.9319882655813
2.9319882655813
2.9319882655813
2.9319882655813
2.9319882655813
2.9319882655813
2.903087177755
2.8826912618448
2.8826912618448
2.8826912618448
2.8826912618448
2.8826912618448
2.8420166187618
3.0875310869518
3.0875310869518
3.0875310869518
3.1934701298428
3.1245500227096
3.1393086079435
3.1305844599622
3.0465707230565
3.0020005526348
2.9957498951392
2.9734341401552
2.9734341401552
2.9734341401552
3.0189183331159
2.9784304972165
2.9390495603362
2.9267201683437
2.9234466574962
2.8724959861644
2.864753221571
2.8722520487655
2.8693225310657
2.8693225310657
2.8693225310657
2.8570690950133
2.8570690950133
2.8459115434125
2.8031327434258
2.9339234033115
2.8929917549081
2.8929917549081
2.8499729541086
2.8499729541086
2.8499729541086
2.8499729541086
2.8499729541086
2.8402988888031
2.8402988888031
2.8336255933978
2.8154205788772
2.8154205788772
2.8154205788772
2.8154205788772
2.8154205788772
2.811726829022
2.7998028981292
2.8088842658882
2.8088842658882
2.8176211465049
2.8018614712765
2.7821694455852
2.7536269917079
2.7458067445665
2.7265750487505
2.7265750487505
2.7154722469883
2.7154722469883
2.7738884179375
2.7493863431513
2.7279671991027
2.6893022160054
2.6893022160054
2.6773354692985
2.6773354692985
2.6408100465106
2.6221111639629
2.6136224541228
2.6081259158039
2.6081259158039
2.6081259158039
2.6081259158039
2.5953068911293
2.5885303118456
2.5742906615214
2.5742906615214
2.5609787612464
2.5493533609547
2.5365919817534
2.5324219960438
2.5253783143082
2.5305784783586
2.5190477615128
2.5190477615128
2.5133331768787
2.5445239350577
2.5643242715452
2.5660241347526
2.6239561172271
2.6239561172271
2.6147730407702
2.5982320613791
2.5781791338908
2.5805291767544
2.5633016533459
2.563836831472
2.5750837504878
2.5752178561603
2.5657314742228
2.5478887280407
2.5368191883156
2.5132293292334
2.4923192099649
2.4923192099649
2.4923192099649
2.4869543108647
2.4814882422293
2.5259773020673
2.5259773020673
2.522412422897
2.522412422897
2.5172771098577
2.5115373216222
2.4988411088912
2.4896970300095
2.4760359521464
2.4684482245804
2.4666184883676
2.4655161001206
2.4625944154717
2.4801669289393
2.4767378384861
2.4665526934757
2.4546034582152
2.4546034582152
2.4488638189324
2.4464935958738
2.4464935958738
2.4464935958738
2.4464935958738
2.4464935958738
2.4464935958738
2.443846858955
2.4419203079292
2.4419203079292
2.4419203079292
2.4482232112273
2.447727827966
2.438990818717
2.4369533758267
2.4317343382175
2.4168009673758
2.4064460082285
2.4019250168209
2.4019250168209
2.4019250168209
2.4019250168209
2.4051026576594
2.3929074021696
2.3951573764026
2.3918731121928
2.3914777034465
2.3890723115188
2.3890723115188
2.3886718801722
2.3776569337549
2.4148532701968
2.3497761326484
2.3497761326484
2.3497761326484
2.3497761326484
2.3497761326484
2.4164706853791
2.4017004020401
2.4017004020401
2.4017004020401
2.4017004020401
2.4017004020401
2.3864277640296
2.3918669137482
2.3214039617751
2.3029228946264
2.2961579701962
2.29606523463
2.2947646047787
2.2988267597659
2.2821915094864
2.2542485636569
2.2498087194146
2.2483043204849
2.2469432648693
2.2463226725375
2.2350046830573
2.2305512472502
2.227822170354
2.2272057678691
2.2253279004219
2.2253279004219
2.2253279004219
2.222487283856
2.226222586196
2.2244402938848
2.219349422206
2.2198673782081
2.2193130466879
2.2442457377501
2.240299000098
2.2389904017534
2.2389904017534
2.2365951595669
2.2365951595669
2.2365951595669
2.2365951595669
2.2412607338398
2.2444682233239
2.255405734104
2.2574962071001
2.255543112125
2.255543112125
2.2530043106741
2.2434955759606
2.2262802426336
2.2262802426336
2.2247182492497
2.2241403497626
2.2241403497626
2.2241403497626
2.2259250617211
2.233922879957
2.2229216544561
2.2122759723171
2.2122759723171
2.2122759723171
2.2111003039531
2.2012242147227
2.1960259390457
2.1942574529631
2.1850558746325
2.1755357534696
2.1733119217796
2.1756575916008
2.1738156401514
2.172349128826
2.1663906103795
2.190404849847
2.1898330079398
2.1885635857916
2.1880041220114
2.1887255437101
2.1768520456379
2.1791786480179
2.1777810651772
2.1776695018655
2.1788617504187
2.17764799195
2.1707102947378
2.1697352751718
2.169617688787
2.1676852959566
2.160225038886
2.1592753001511
2.1576285452475
2.1525849611981
2.1531703439393
2.1531703439393
2.151629064375
2.151629064375
2.151629064375
2.1506579707292
2.1473963460213
2.1473963460213
2.1485715832413
2.1478795428025
2.1470741301533
2.1470741301533
2.1470741301533
2.1508150635227
2.1559243056306
2.1564632931395
2.1542416500164
2.1539494772944
2.152982343049
2.1514138479461
2.1477576043759
2.1417269250185
2.1373333649858
2.1397609546977
2.134427991846
2.134427991846
2.134427991846
2.1322250357975
2.3220459329613
2.3165642403806
2.3147409429621
2.3109300186157
2.3100474989042
2.3100474989042
2.3079172746758
2.3050853399492
2.30013792427
2.2960511768569
2.3398638113626
2.3353547575694
2.331196374984
2.3283293094973
2.3258929854014
2.324881985363
2.3104657627675
2.3084439984332
2.3032118185372
2.2968064216679
2.2887773823496
2.2869097204992
2.286225298151
2.282347729482
2.2806618458355
2.2806618458355
2.2806618458355
2.2806618458355
2.2806618458355
2.2806618458355
2.275249697283
2.2715687482127
2.270785678608
2.270785678608
2.270785678608
2.2685273466976
2.2674748563829
2.26644470648
2.26644470648
2.26644470648
2.26644470648
2.26644470648
2.258621260155
2.2552286953239
2.2548361225634
2.253387255744
2.2529534599367
2.2529534599367
2.2529534599367
2.2521613609032
2.2511969423184
2.2505975191605
2.2508547652295
2.2508547652295
2.2508547652295
2.2508547652295
2.2508547652295
2.2508547652295
2.2484938996742
2.2464594598413
2.2454573072335
2.2454573072335
2.2454573072335
2.2362861419407
2.2173340126834
2.2133261151235
2.2123001710302
2.2115136508478
2.2115136508478
2.2115136508478
2.2115136508478
2.2081291738812
2.2068158550685
2.2068158550685
2.2077257295346
2.2065226276301
2.2065226276301
2.204592872684
2.2037637189071
2.2036395699237
2.2026452034626
2.2011178816187
2.2009163976535
2.1986244619192
2.1978128110627
2.1971166023694
2.1937522193975
2.1938088844354
2.1938088844354
2.1938088844354
2.1938088844354
2.2001355915658
2.2001355915658
2.1981767488545
2.2057111738105
2.2216456265458
2.2216456265458
2.221197262192
2.221197262192
2.221197262192
2.2165885959824
2.2151990938343
2.2151990938343
2.2175342251353
2.2158531416604
2.2158531416604
2.2125203147705
2.2103888505771
2.2085301198179
2.2085301198179
2.2085301198179
2.2085301198179
2.2085301198179
2.2085301198179
2.2042780328863
2.1996517361693
2.1987558261491
2.197936671763
2.1969397937398
2.1945615933733
2.1945902318625
2.1938730537391
2.1918250801356
2.1938585443642
2.1938585443642
2.1958123505623
2.1991175976445
2.196817799974
2.1940022130539
2.1918810402872
2.1912712400913
2.1912712400913
2.1904083108912
2.1904083108912
2.1978640561405
2.1926115754643
2.1908612060083
2.1915840896895
2.1904562931057
2.1904562931057
2.1897828924502
2.1878894329612
2.2066341825624
2.2053624314506
2.2030448134413
2.2015476292914
2.3417748629672
2.3469685679975
2.3657702011373
2.3645373193661
2.3638127585038
2.370625063958
2.369732103337
2.3721386103787
2.3733040585751
2.3743559066904
2.3740568903262
2.3740568903262
2.3740568903262
2.3740568903262
2.3908571899135
2.4002722585672
2.4086971547459
2.4281526240138
2.4408300400093
2.4514875934203
2.4514875934203
2.4714940003231
2.480565367391
2.4848968442195
2.4921632314875
2.4939243078211
2.5000187394489
2.5002322278508
2.5016545557432
2.5076428506455
2.5079625785239
2.5079625785239
2.5079625785239
2.53843505564
2.5599309724986
2.5783198752977
2.580019418599
2.703616065658
2.7163069780053
2.7218489651819
2.7232836884516
2.7271446839419
2.7328508499207
2.7408063003818
2.7444242581831
2.7474285644758
2.7500111410795
2.7490524417521
2.7545992956822
2.7545068405102
2.7659682434258
2.7629586445604
2.762658991258
2.7666445560568
2.782892278505
2.782892278505
2.782892278505
2.782892278505
2.782272566014
3.2423915620741
3.244319943082
3.2432378571729
3.2421275221196
3.2421275221196
3.2410046710977
3.2391515024109
3.2384885845188
3.2384885845188
3.2493799069664
3.2482052684584
3.2482052684584
3.2479823193221
3.2479823193221
3.2479823193221
3.2472937088675
3.2467806774115
3.2458160611897
3.2450247826595
3.2450247826595
3.2450247826595
3.2474768939774
3.2490662839112
3.2535590924498
3.2551876160313
3.2553806634571
3.2536895998009
3.2570375456203
3.2570637955905
3.2590685518502
3.2579074900162
3.2549088057032
3.2554555314781
3.2557762967903
3.2589371743427
3.2588435367615
3.2590567988097
3.2530945710686
3.2454631642087
3.2433957042501
3.2421928765932
3.2421928765932
3.2421928765932
3.2426132273295
3.2459068122574
3.2459068122574
3.246536129137
3.246536129137
3.2421374768515
3.2394931813497
3.2384253982632
3.2386353958929
3.2386353958929
3.2386096955908
3.2379141675986
3.2335219652016
3.2306489533062
3.2317554356649
3.227119118214
3.2247624809988
3.2229027298331
3.217485645506
3.2145186922607
3.2145825492699
3.2138084112875
3.2126157488955
3.2100797644292
3.20789868567
3.2054647551319
3.2040802918381
3.2030750067369
3.2030750067369
3.2016232529025
3.1988951821695
3.1987885799027
3.196166948037
3.1872342737481
3.1861713949295
3.1844518711808
3.1837623794453
3.1789116869764
3.1789116869764
3.1778506944382
3.1778506944382
3.1782861943546
3.1722556893947
3.1700441221393
3.1700441221393
3.1698110276788
3.1700894207618
3.1696080420196
3.1687403549773
3.1731277660956
3.1780558475182
3.1800892545144
3.1788398846991
3.180127720727
3.1862531402717
3.1910373552703
3.1886551526404
3.187302452605
3.1854017118956
3.1854017118956
3.1877601697081
3.1875815830667
3.1875815830667
3.1875815830667
3.1875815830667
3.1875815830667
3.1875815830667
3.1875815830667
3.1875815830667
3.1875815830667
3.1875815830667
3.1875815830667
3.1875815830667
3.1875815830667
3.1875815830667
3.1865219363133
3.1872370295585
3.186279214974
3.186279214974
3.1842116311041
3.1837859938709
3.1830695173848
3.182090639923
3.1782692365316
3.1746997698385
3.1746997698385
3.1746997698385
3.1746997698385
3.1742265079111
3.1742265079111
3.1742265079111
3.1742265079111
3.1742265079111
3.1742265079111
3.1738709212492
3.189794536919
